Borough,Dead,Fair,Good,Poor,Stump,Total
Bronx,2530,10887,66603,3095,2088,85203
Brooklyn,3319,25073,138212,6459,4230,177293
Manhattan,1802,11460,47358,3609,1194,65423
Queens,4440,34549,194008,9417,8137,250551
Staten Island,1870,14535,82669,4238,2005,105317
Total,13961,96504,528850,26818,17654,683787
